time,x,y,z,phi,theta,psi,x_velocity,y_velocity,z_velocity,phi_velocity,theta_velocity,psi_velocity,rotor_speed1,rotor_speed2,rotor_speed3,rotor_speed4
0.06,-6.39052123765e-07,3.30577238042e-07,10.0040072766,0.00029466577226,6.28262198485,0.0,-9.35351601391e-06,2.83504446124e-05,0.133568854875,0.0132669836711,-0.0451603421915,0.0,450.2251299543072,446.5569767321144,445.90998954516874,446.9921991017451
0.12000000000000001,2.34539460859e-05,1.27442302789e-05,10.017805015,0.00138016855244,6.28017637492,0.0,0.00110938369113,0.00049595764039,0.326319332931,0.02632064945,-0.0331617111538,0.0,465.2013373236995,466.1389354489654,464.68749165365443,465.7093897075862
0.18,0.000168305803578,8.14731508602e-05,10.0430755402,0.00266073723793,6.27861591538,0.0,0.00392010902698,0.00196267547506,0.515963506259,0.0088424152564,-0.0145789977454,0.0,463.74006447119996,465.1970480694493,465.4438438020464,464.07414879149655
0.23999999999999996,0.000523763765081,0.000269912932259,10.0818515436,0.00348769001533,6.27797045547,0.0,0.00802225692843,0.0044054847613,0.776428766937,0.0221801685805,-0.00404050157548,0.0,484.24071467293135,485.03282666741234,485.8005580921655,486.79936344855736
0.3,0.00112673925206,0.000620428099211,10.1338870947,0.0046334261211,6.27755395321,0.0,0.0121129442129,0.00742007406558,0.95795408763,0.0120762075564,-0.0134881165854,0.0,462.9941591684418,462.25046341477355,463.14366485999756,462.348343036219
0.36000000000000004,0.00198228264108,0.00117225644397,10.1959639565,0.00576562892188,6.27658519356,0.0,0.0165013750801,0.0110784328911,1.11113688938,0.029830227508,-0.0220760574186,0.0,454.29684653588964,453.607893330307,454.1450104474111,455.5666032534051
0.4200000000000001,0.00311466181228,0.00196420020265,10.2658417857,0.00716558350676,6.27571663423,0.0,0.0213535197991,0.0154884765423,1.21801408258,0.00534141380992,-0.00247736867042,0.0,439.52377412645114,441.1449628515766,441.34371559001676,439.3181463790708
0.48000000000000015,0.00457283076238,0.00306651661834,10.3449021846,0.00870843881997,6.27577512266,0.0,0.0272547671815,0.0213817354846,1.41710604883,0.0499068145378,0.00711318771724,0.0,468.75231548777725,469.49691264502474,466.6651613605922,470.13069216057636
0.5400000000000001,0.00638464207227,0.00457223535031,10.436336862,0.0114614662697,6.27606015438,0.0,0.0330940166336,0.0291494245246,1.63043390639,0.0362969709213,-0.000452006149781,0.0,473.9112977695365,473.329423625091,473.8031855779751,472.7568557767111
0.6000000000000002,0.0085232430769,0.0065760302222,10.5379449965,0.0140165920177,6.2758100806,0.0,0.0382046261638,0.0378943666191,1.75631546847,0.0528702941733,-0.0128891227129,0.0,447.93487795426125,446.9224798106156,447.201864794914,448.5506507146815
0.6600000000000003,0.0109717244675,0.00915323259106,10.6464333609,0.0174263935562,6.27473972693,0.0,0.0435020912103,0.0483483297326,1.8597943664,0.063758547989,-0.0302503432188,0.0,442.1804278569541,440.74801913179425,440.1874692415568,441.0897370712764
0.7200000000000003,0.0137801590169,0.0124650192755,10.7629403945,0.022150642376,6.2728709821,0.0,0.0503151207037,0.0625270159313,2.02348642465,0.0985784166761,-0.0329991876539,0.0,459.9239701571797,459.70591834480535,458.8371039943084,461.59730336767996
0.7800000000000004,0.0170482191262,0.0167587969556,10.890014402,0.0279707336819,6.27088109694,0.0,0.0588449559454,0.0812661716949,2.21194862214,0.0936476554608,-0.0334978888663,0.0,468.90740022428537,468.86829174389186,467.41801548124175,467.04115272950327
0.8400000000000004,0.0208401623906,0.0222376302904,11.0258504587,0.033517432723,6.27021325936,0.0,0.0676681999649,0.101928117206,2.3156952378,0.089926036321,0.014446401494,0.0,440.75733404539744,444.70180645747166,443.2790204780023,442.9803317317916
0.9000000000000005,0.0251731947022,0.0290901432363,11.168464686,0.0392015642572,6.27146464234,0.0,0.0766487482056,0.127064757075,2.43783845372,0.102937256305,0.0313065207119,0.0,448.24542798802923,449.6134250768879,448.8593792531837,449.92145122090756
0.9600000000000005,0.0299807278481,0.037454114195,11.3154081909,0.0455567199574,6.27302199943,0.0,0.0834431918426,0.15229980596,2.46020610718,0.111296239508,0.0122210515623,0.0,419.1632017293363,417.5015143950751,416.64358464847567,417.3843342137935
1.0200000000000005,0.0351942370904,0.0475576225257,11.4659846014,0.0519346649979,6.27369756129,0.0,0.0902662157241,0.185140311034,2.55875698289,0.093748734984,0.00926309240434,0.0,442.6186888376958,442.3750695608609,443.30789810507383,441.8735091267185
1.0800000000000005,0.0407965762751,0.059718248669,11.6216922242,0.0570475045153,6.27407850103,0.0,0.0964299798789,0.220741459483,2.63129936909,0.056756791796,-0.000230501072604,0.0,435.35455798099684,434.5594067277769,436.2145911090591,433.1202099787582
1.1400000000000006,0.046748173705,0.0740190824017,11.7802048486,0.0607800647275,6.27480399506,0.0,0.101917101599,0.256273058616,2.65238206502,0.0713381497365,0.0294129680707,0.0,417.2856231058679,419.86531210783835,417.59398476133225,418.8669785186577
1.2000000000000006,0.0530747860763,0.0910127358348,11.9479291194,0.0646599679194,6.27626923439,0.0,0.108751376709,0.310672971853,2.93769855046,0.0459592218898,0.01187377694,0.0,500.203327554197,498.92446742687673,499.3660426133925,497.51380112514346
1.2600000000000007,0.0597729030898,0.111319641001,12.1320764322,0.0675501515292,6.27648521942,0.0,0.114442643619,0.36653227224,3.19981605296,0.0522586670561,-0.0232020426366,0.0,495.5368399839108,492.9517044836589,493.3278792276799,493.793958673186
1.3200000000000007,0.0668128313298,0.135011018936,12.3313196572,0.0710642456929,6.2751074946,0.0,0.120387198319,0.423541276077,3.44088829961,0.0688804132622,-0.02248647295,0.0,490.09759417470434,490.15078959683956,487.9919406514993,489.2331267212607
1.3800000000000008,0.074194893772,0.161793539283,12.5391742059,0.0752483717746,6.2736818669,0.0,0.125810994755,0.469587403523,3.48741326575,0.0713920213152,-0.0264382589569,0.0,432.0076775141442,431.67423599334575,431.66363280494335,431.8793908189531
1.4400000000000008,0.0819474699531,0.191551119519,12.7515550048,0.0793124166961,6.27167830142,0.0,0.132783368561,0.522732913336,3.59157405628,0.0591794304044,-0.0533194288109,0.0,451.4027011839333,449.22756030227515,451.1671134975761,450.18330050680794
1.5000000000000009,0.0901475920195,0.224454225136,12.9686178185,0.0834576407451,6.26819012895,0.0,0.14086805545,0.574389021726,3.64363700755,0.08383015228,-0.0701159336581,0.0,436.08089847676433,434.67297370835234,433.1982824696037,435.269854851164
1.560000000000001,0.0988664603448,0.260341100431,13.1864427884,0.0880982129051,6.26374631727,0.0,0.150122502328,0.622248553869,3.6172203843,0.0594071737478,-0.0834310265498,0.0,409.3220881981051,408.130426913753,410.83915261622815,408.6729155080926
1.620000000000001,0.108348727868,0.299740407912,13.4090546593,0.0919985509275,6.25837803582,0.0,0.166532339762,0.691429813561,3.80249907155,0.0743396546839,-0.105658721259,0.0,477.2609537674585,475.5549757796919,475.49779597446667,476.64316121444773
1.680000000000001,0.118857007241,0.343065501418,13.6393563185,0.0965387526595,6.25244954142,0.0,0.184336406927,0.753148313458,3.87389807035,0.0782047854624,-0.0877803897166,0.0,442.4570552052205,443.9180020337665,442.4258443006469,442.74851008647744
1.740000000000001,0.130606599383,0.390363325019,13.8757740876,0.101388224818,6.24735546097,0.0,0.20785602066,0.823899879817,4.00613655769,0.0856046456649,-0.0796920016352,0.0,461.99380729613495,462.625512509824,462.30431030320386,462.89201148554986
1.8000000000000012,0.143903972437,0.442088324674,14.120857462,0.10697564629,6.24240732266,0.0,0.235906187092,0.900791443609,4.16262749629,0.105013288085,-0.0886944352533,0.0,470.9369237187045,470.2348715101439,470.485836977606,471.9928648313664
1.8600000000000012,0.159078411169,0.498762602183,14.3772320267,0.113238315495,6.23712552613,0.0,0.270509518912,0.988998097659,4.38220967112,0.103076703971,-0.0867338831936,0.0,491.0672244002536,491.20701563861064,490.4625227827252,490.3270424004458
1.9200000000000013,0.176108415672,0.560032117988,14.6393900149,0.119080012907,6.23202024635,0.0,0.297592148333,1.05381917751,4.35636481479,0.0823684752812,-0.0819861819618,0.0,415.7776386125321,416.18693687442345,418.10014695457,416.30042324763156
1.9800000000000013,0.194883970196,0.625363045137,14.9006430184,0.124054717787,6.22707678987,0.0,0.328687492709,1.12429029943,4.35196147053,0.0839760618692,-0.0832124647532,0.0,424.41328641392465,424.3021441281642,423.25167392692583,423.3959924124867
2.0400000000000014,0.215748786272,0.695303879026,15.163980698,0.129041152469,6.22189078099,0.0,0.367288075555,1.20750325322,4.42552516858,0.0813115978898,-0.0938058892654,0.0,449.65796862076576,448.7927403336,449.4871874213212,449.2767248849779
2.1000000000000014,0.239150405258,0.770570950012,15.4335364634,0.134009800091,6.21585861833,0.0,0.41335008599,1.30182802859,4.55895808494,0.085650451424,-0.119471958613,0.0,469.88077599565804,467.87806499445037,468.2694457966987,468.61206389237196
2.1600000000000015,0.265446837078,0.851588189527,15.7109734805,0.138921503496,6.20849977505,0.0,0.463932830251,1.39917640275,4.68820557462,0.0729441820145,-0.129896976568,0.0,468.8824820248408,468.0589266148463,469.757257208734,468.77581651739996
2.2200000000000015,0.294485555486,0.937713262176,15.9902311329,0.143238031722,6.20072784879,0.0,0.504646801309,1.47199943651,4.62049897632,0.0698599111899,-0.128812924269,0.0,405.86839264892353,405.94858444327656,407.6087600848241,407.337493567665
2.2800000000000016,0.326204753179,1.02846664376,16.2667685898,0.147161226447,6.1933009346,0.0,0.55330028417,1.55342790759,4.59732802782,0.0544715653627,-0.115259790504,0.0,421.47548932917243,422.6304691441226,422.01290697787084,420.68570054827785
2.3400000000000016,0.361442088932,1.1249283219,16.5470284872,0.151143758435,6.18591935976,0.0,0.621987449219,1.66222227518,4.74382498369,0.0832653658908,-0.146857975872,0.0,476.2916386224785,473.8551844332307,475.08338701605567,477.28902874389496
2.4000000000000017,0.400851566477,1.22782014039,16.8348469139,0.156102940075,6.17780169898,0.0,0.692476273261,1.76789144996,4.84938735401,0.0814001548572,-0.118765030102,0.0,463.95696814153206,466.14108962229056,465.0746426966812,464.93373194197653
2.4600000000000017,0.444384160345,1.3367512085,17.1264639134,0.161085857176,6.17070859373,0.0,0.759235115486,1.86351831647,4.8708268962,0.0861550831293,-0.117148027641,0.0,440.61375129001226,440.7347493642095,439.258124344117,439.65801518053695
2.520000000000002,0.492358389227,1.4519352928,17.4219766322,0.165879706453,6.16332013636,0.0,0.840579892984,1.97632431162,4.97880634311,0.062875461787,-0.139143709864,0.0,468.5237910608176,466.7970126595356,469.36053874878445,467.55469155596217
2.580000000000002,0.545011445634,1.57348017219,17.7209997,0.17008550671,6.15492566385,0.0,0.915248209704,2.07544670506,4.98829722245,0.0816082437142,-0.141479887916,0.0,438.7733219541543,438.5608245312736,437.8347218180199,439.3944466172148
2.640000000000002,0.602360695072,1.70112459788,18.0210394717,0.17577807771,6.14620754674,0.0,0.997144577783,2.17975595618,5.0125702913,0.113121211703,-0.154306857669,0.0,444.7529610503345,443.681045705303,442.91183971709734,445.5036807948427
2.700000000000002,0.6650952541,1.83551425445,18.3246599082,0.18215011404,6.13674666455,0.0,1.09487338267,2.30039839358,5.10722306777,0.0864432465231,-0.165456615173,0.0,468.1566566909162,467.2658239212035,468.226007865401,466.1545568228789
2.760000000000002,0.733705414465,1.97702670366,18.6326792722,0.187512150036,6.12643449624,0.0,1.19303008176,2.41703187635,5.15940335859,0.0946501951828,-0.189482155883,0.0,456.94336872202985,454.99553836838624,455.7888506905726,456.4507990185683
2.820000000000002,0.807993928265,2.12513979196,18.9412227078,0.193529039365,6.11466995362,0.0,1.28420241449,2.52046953256,5.12508339307,0.10965891713,-0.214415697636,0.0,431.1348193811111,428.98274349177314,428.0045191850969,429.2891961850881
2.880000000000002,0.889240458786,2.28099085315,19.2549791713,0.200166500484,6.10336098045,0.0,1.42520217389,2.67499494168,5.33177976197,0.11248691029,-0.16071118229,0.0,503.3730411641511,507.21234208916803,504.3875340389171,504.60098236763497
2.940000000000002,0.978190446618,2.44514365667,19.575622631,0.206680883912,6.09355672124,0.0,1.54061171919,2.79720311222,5.35565035077,0.0993049502262,-0.169413810852,0.0,452.2879824482127,451.5613459721455,454.03828985170907,452.9893276318257
3.000000000000002,1.07463593368,2.61714085294,19.899597199,0.212281921962,6.08364825652,0.0,1.67510023087,2.93636040383,5.44242922588,0.0774848776426,-0.157741666066,0.0,473.3140643293433,474.1873924023664,475.11836387404645,473.44877247674196
3.0600000000000023,1.17982010717,2.79806337374,20.2309634797,0.217874641342,6.073773162,0.0,1.8318639173,3.09459994418,5.60158311818,0.11371242556,-0.183987615205,0.0,499.1523638749653,497.2096694675619,496.5034276561929,499.1605444960326
3.1200000000000023,1.29455133396,2.98850012711,20.5713957076,0.224143808154,6.0624117779,0.0,1.99347333854,3.25363274959,5.7445524337,0.0704825611371,-0.203125890447,0.0,497.7028351494508,496.2687201931612,497.38955699142645,494.2203504661814
3.1800000000000024,1.41853671397,3.18789190397,20.9173193397,0.228062163566,6.05102930285,0.0,2.14032855491,3.39286283064,5.78527886543,0.0521611922888,-0.171330746539,0.0,467.30405539980586,469.7425115462964,468.83412766002044,467.41096604760827
3.2400000000000024,1.55162440084,3.39575670451,21.2659494568,0.231906175694,6.0406325214,0.0,2.29673606025,3.53599476317,5.83471742568,0.0809587270577,-0.177487518575,0.0,473.20788102480697,472.7066711227586,472.01383756903635,474.23407037346783
3.3000000000000025,1.69368642093,3.61169446885,21.6150977518,0.236546266518,6.03033094254,0.0,2.43945827823,3.66212341216,5.80299340216,0.0688750535528,-0.162093508369,0.0,448.4372398815381,449.6581118973259,449.6067785252511,448.6310821423585
3.3600000000000025,1.84510453482,3.83581047592,21.9646129036,0.24085190642,6.02034561199,0.0,2.60853003662,3.80847279242,5.84644235081,0.0769813709365,-0.176890341698,0.0,474.80531195410475,473.64367682976285,474.7131048631539,475.33845897090004
3.4200000000000026,2.00609755448,4.06808785037,22.313943289,0.244997204547,6.01046180126,0.0,2.75864831782,3.93425720974,5.79739181428,0.0445454763916,-0.147590927403,0.0,445.9208729295525,448.28204901638196,447.97188803261787,445.32915429553105
3.4800000000000026,2.17663775029,4.30827633207,22.6616103085,0.248040636926,6.00121325505,0.0,2.92664414529,4.07198424914,5.79076383161,0.0608590912277,-0.172320348032,0.0,463.60672292485725,461.6370503989212,460.7082559241338,461.9981439747802
3.5400000000000027,2.35692114618,4.55632842595,23.007163021,0.252059545479,5.99128589425,0.0,3.08351793035,4.19650242097,5.72719861659,0.0770400357563,-0.1544154722,0.0,443.48225465450474,444.92447359609025,444.6549826090503,445.98221764951955
3.6000000000000028,2.54712524426,4.81217986196,23.3499936665,0.256534721408,5.98164813925,0.0,3.25723848026,4.33196718024,5.69973746528,0.0691648864787,-0.177462427133,0.0,459.4836408586682,457.62817323787993,457.7036725023056,457.0804828392847
3.660000000000003,2.74776133536,5.07607172056,23.6906385202,0.260944608223,5.97092545539,0.0,3.43134907799,4.46448286259,5.65438984423,0.0809940970313,-0.181330133357,0.0,453.9590969398159,453.61841716829036,453.1946887750867,454.1487995644362
3.720000000000003,2.9590513432,5.34797780692,24.0286022037,0.265783135662,5.96000241672,0.0,3.61236140739,4.59912898142,5.61028194203,0.0799291697274,-0.183529744977,0.0,455.45636759896706,455.24915158465063,456.2693916889668,456.18939502593224
3.780000000000003,3.18182210578,5.62834930739,24.365125406,0.270531481939,5.9484606436,0.0,3.81401327857,4.74658084475,5.60602691988,0.0775112336527,-0.222907317944,0.0,472.87539216629784,469.7957992868957,470.3857060307256,470.20300450870036
3.840000000000003,3.4161893929,5.91706303019,24.699360941,0.275689603981,5.93555864124,0.0,3.99908177964,4.87725568004,5.53438818943,0.0990192242889,-0.202709708236,0.0,450.22186475579014,451.8081901045036,449.7700560661094,451.5149417907798
3.900000000000003,3.66213650484,6.21386635937,25.02996352,0.281516659699,5.92358881289,0.0,4.19987417192,5.01626575689,5.48470507175,0.0930172115441,-0.193750903415,0.0,459.6981867509319,460.37020493738373,460.49102430790464,460.023550820115
3.960000000000003,3.92283320748,6.52091112663,25.3638901527,0.287273214141,5.91269387233,0.0,4.49042109923,5.21831781754,5.64355283435,0.101227475459,-0.164436392879,0.0,526.7408003658209,528.7377084072333,528.8420862702113,529.4136472929433
4.020000000000002,4.19795609756,6.83779650088,25.6992809717,0.293049111369,5.90298405812,0.0,4.68087752676,5.34465479558,5.53556696841,0.0838249455906,-0.157076009927,0.0,447.4909835234158,448.06519405321643,448.4973146389806,447.0888829983179
4.080000000000001,4.48399710971,7.16183819918,26.0266158927,0.298142446287,5.89381812474,0.0,4.85438167509,5.45685975107,5.37544937339,0.086934880051,-0.145308578008,0.0,430.16543237178706,431.13818138910676,429.7686459501802,430.03842607056276
4.14,4.7796805185,7.49201098437,26.3422815793,0.303057609543,5.88490815913,0.0,5.00235050296,5.54911951624,5.14710783446,0.0693060551363,-0.155787544755,0.0,404.4549144604769,403.4864057393603,405.9973132060452,404.41794875318607
4.199999999999998,5.08596683046,7.82888855217,26.6479259484,0.307269112832,5.8757109622,0.0,5.20761967127,5.68006203619,5.04043750384,0.0719058118974,-0.148708388468,0.0,449.252612302466,449.80452690867264,449.1914074490707,449.4059471058685
4.259999999999997,5.40580088815,8.1744120212,26.9495745726,0.311573760727,5.86681627745,0.0,5.45373532988,5.83716267817,5.01326060165,0.0714189715577,-0.147334315084,0.0,478.87548108150736,478.96113964680256,478.00011209981943,477.96656369026545
4.319999999999996,5.73891814499,8.52825950166,27.2460715578,0.315651652196,5.85840546959,0.0,5.65056188341,5.95771500314,4.86961934648,0.0599677635588,-0.128760943506,0.0,439.4288521750106,440.94762702966796,440.873242823083,439.9292264274528
4.379999999999995,6.08400658666,8.88939115293,27.5340720697,0.319618604376,5.85151286132,0.0,5.8526475944,6.07993483084,4.73006592893,0.0762087196991,-0.0960474881301,0.0,440.4824763364373,443.1678932051935,442.6914501129895,444.0294757545592
4.439999999999993,6.44216448934,9.25846227878,27.8154887218,0.323769166058,5.84549933241,0.0,6.08592917833,6.22229758011,4.64970329276,0.048909251029,-0.110256299085,0.0,465.25381778769616,464.13132960975815,465.8096402441027,463.6723796326001
4.499999999999992,6.81327548466,9.63532744052,28.0898193696,0.326886370718,5.83876742443,0.0,6.2846574161,6.33975651875,4.49446419683,0.0574340413704,-0.116392903453,0.0,439.9821549530161,439.46226445024735,438.634335189853,439.3437366973514
4.559999999999991,7.19663149011,10.0194043535,28.3553448871,0.330459368239,5.83248931129,0.0,6.49401297225,6.46267052214,4.35602791372,0.0634758455142,-0.0879010457669,0.0,444.5760931966745,446.89532033139403,446.29858517835055,446.79408431316034
4.6199999999999894,7.59251070858,10.4107936671,28.612387025,0.33390886598,5.8275247759,0.0,6.70198753752,6.58353674194,4.21178505923,0.0415073546611,-0.0740332905428,0.0,444.55236801308456,445.6820149166457,445.3669524476585,443.56802304253574
4.679999999999988,8.00155293055,10.8098660687,28.8620486696,0.336199060256,5.82442448919,0.0,6.93252910659,6.71860626409,4.10981943325,0.030484182916,-0.0261043691826,0.0,458.9980066820316,462.7850319157753,461.139472688224,460.26822767780584
4.739999999999987,8.42276782858,11.2159186007,29.1024589712,0.337654891447,5.82257064156,0.0,7.10797144557,6.81643607783,3.90435615875,0.00737437807684,-0.0428060822893,0.0,422.8790538390398,421.4368966413011,424.11901930388393,422.128808566578
4.799999999999986,8.85529159022,11.6283442448,29.3321208672,0.338590625245,5.82043509068,0.0,7.30933959064,6.93083819293,3.75116104082,0.0283655526728,-0.0240879902704,0.0,441.08739434523795,442.630439691199,440.34484846524197,442.07846889537467
4.859999999999984,9.29917087169,12.0471313366,29.5513129948,0.340213571454,5.81866213523,0.0,7.48657133644,7.02866007543,3.55569227946,0.0242773299805,-0.0436624186614,0.0,425.48942438894426,423.8092626408726,425.34304485798435,424.99284690920706
4.919999999999983,9.75636466521,12.4735606469,29.7639181249,0.34145296034,5.81615155215,0.0,7.75259912358,7.18511183701,3.53025102807,0.0121998844291,-0.0384331450162,0.0,485.764342953515,486.1556664400179,487.17798697192046,486.2737615679932
4.979999999999982,10.226981248,12.907664786,29.9703214102,0.34162084506,5.81374671946,0.0,7.93453627472,7.28483386076,3.35022085485,-0.0331282116311,-0.0435966114869,0.0,432.30507070378104,431.86871946340244,433.74607769293414,429.92098007736024
5.0399999999999805,10.7081673345,13.3474816243,30.1653882924,0.340136316506,5.81098081807,0.0,8.10502017148,7.37544081257,3.15262062804,-0.0117725332144,-0.0516391501151,0.0,424.6676846642216,423.9756010569632,422.6877492138818,424.52469890305684
